15, 28, 13, 39, 51, 15, 58, 22, 96, 33, 89, 93, 20, 49

                                                           15
												13             28
													15	    22     39
														20		33     51 
																	49     58
																	         96
																	     89
																	       93



									6
								4		8				
							3	  5    7   12
						1	                  9





						        1
							2       3       
						  4        5  6
						                16